  0.26 
  1.97 
  1.25 
  1.42 
  1.19 
  0.15 
  0.35 
  0.29 
  1.14 
  0.94 
  0.89 
  0.90 
  0.52 
 -0.20 
 -0.08 
 -0.06 
 -0.04 
  0.80 
  0.47 
 -0.11 
  0.04 
  0.51 
  1.00 
  0.87 
  0.08 
  0.53 
  0.68 
  0.71 
  0.75 
  0.71 
 -0.09 
 -0.92 
 -1.02 
 -1.08 
 -0.24 
  0.13 
  0.50 
  0.78 
 -0.86 
 -0.45 
 -0.64 
 -0.02 
  0.63 
  0.41 
  0.74 
 -0.17 
  0.01 
 -0.58 
 -0.20 
  0.83 
  0.95 
  1.05 
  0.73 
  0.51 
  0.27 
  0.76 
  0.94 
  1.65 
  1.42 
  0.97 
  1.18 
  0.77 
  1.32 
  1.25 
  1.24 
  1.15 
  0.29 
 -0.05 
 -0.06 
  0.48 
  0.03 
 -0.10 
 -0.16 
 -1.20 
 -0.77 
 -0.70 
  0.42 
  0.32 
  0.12 
 -0.49 
 -1.04 
 -0.79 
 -0.24 
  0.44 
  0.71 
  1.43 
  0.39 
 -0.01 
 -0.33 
  0.67 
  1.40 
  1.38 
  1.51 
  0.71 
  0.20 
 -0.34 
  0.13 
  0.21 
  0.20 
  0.40 
  0.38 
 -0.15 
 -0.46 
  0.22 
  0.73 
  1.02 
  0.71 
  0.49 
  0.20 
  0.32 
  0.31 
  0.94 
  1.47 
  1.03 
  0.57 
  0.09 
  0.07 
  1.28 
  1.41 
  1.86 
  1.43 
  1.06 
  0.57 
  0.58 
  0.81 
  0.82 
  1.26 
  0.52 
  0.37 
 -0.47 
 -0.24 
  0.25 
  0.33 
  1.13 
  1.39 
  0.99 
  0.37 
  0.08 
  0.32 
  1.35 
  1.42 
  0.79 
  0.51 
  0.25 
  0.46 
  0.81 
  1.21 
  1.32 
  1.05 
  0.91 
  0.45 
  0.52 
  0.60 
  1.25 
  0.57 
  0.10 
 -0.31 
 -0.55 
  0.10 
  0.41 
  1.24 
  0.41 
  0.70 
 -0.41 
 -0.40 
  0.18 
  0.45 
  0.79 
  0.82 
  0.62 
  0.12 
  0.48 
  0.32 
  0.68 
  0.93 
  0.85 
  0.79 
  0.25 
  0.36 
  0.32 
  0.93 
  0.27 
  0.57 
  0.33 
  0.28 
  0.40 
  0.40 
  0.39 
  0.09 
  0.44 
 -0.08 
  0.01 
  0.22 
 -0.14 
  0.14 
 -0.42 
  0.12 
 -0.41 
 -0.46 
 -0.41 
  0.34 
  0.88 
  0.67 
  0.74 
 -0.23 
 -0.45 
 -0.07 
  0.30 
  0.43 
  0.59 
  0.36 
 -0.06 
  0.04 
  0.38 
  0.70 
  0.35 
  0.59 
  0.45 
  0.05 
  0.18 
  0.82 
  0.51 
  0.12 
  0.12 
  0.26 
  0.11 
  0.63 
  0.70 
  0.84 
  1.01 
  1.16 
  1.06 
  0.77 
  1.26 
  1.30 
  1.91 
  1.79 
  1.58 
  0.42 
  0.32 
  0.57 
  1.16 
  1.73 
  1.79 
  1.31 
  0.95 
  0.68 
  0.70 
  0.89 
  1.30 
  1.14 
  0.99 
 -0.18 
 -0.40 
 -0.95 
 -0.33 
  0.54 
  0.79 
  0.26 
 -0.04 
 -0.41 
 -0.55 
  0.04 
  0.32 
  0.35 
  0.19 
 -0.16 
 -0.41 
  0.06 
  0.89 
  1.43 
  0.96 
  0.91 
  0.28 
  0.60 
  0.48 
  1.27 
  1.36 
  0.37 
  0.31 
 -0.55 
 -0.60 
  0.10 
  0.89 
  1.61 
  0.98 
  0.80 
 -0.25 
 -0.35 
 -0.09 
  1.35 
  1.66 
  1.41 
  0.80 
 -0.08 
  0.21 
  0.20 
  0.44 
  0.50 
  0.86 
  0.77 
  0.61 
  0.62 
  0.64 
  1.13 
  1.19 
  0.73 
  0.25 
  0.32 
  0.15 
  0.56 
  1.02 
  0.84 
  0.65 
 -0.15 
  0.14 
 -0.15 
  0.44 
  0.24 
  0.95 
  0.68 
 -0.32 
 -0.06 
 -0.19 
  0.59 
  1.18 
  1.52 
  0.82 
 -0.20 
 -0.49 
 -0.48 
 -0.28 
  0.54 
  0.49 
  0.29 
 -0.73 
 -0.76 
 -0.33 
 -0.01 
  0.20 
  0.89 
  0.42 
  0.38 
  0.15 
 -0.10 
  0.15 
  0.72 
  1.04 
  0.72 
  0.46 
  0.30 
  1.48 
  1.86 
  2.48 
  3.00 
  2.81 
  2.90 
  2.60 
  2.34 
  1.21 
  0.36 
 -1.38 
 -3.98 
 -5.59 
 -6.31 
 -4.98 
 -3.64 
 -1.60 
  0.78 
  4.20 
  8.12 
 11.44 
 13.61 
 13.21 
 11.40 
  6.05 
 -0.86 
 -8.93 
-15.92 
-21.56 
-24.42 
-24.87 
-21.41 
-13.05 
 -2.12 
 10.44 
 23.15 
 33.27 
 39.38 
 39.80 
 32.56 
 20.20 
  3.01 
-16.11 
-34.82 
-49.99 
-59.50 
-60.01 
-50.65 
-31.82 
 -5.70 
 23.68 
 37.92 
 74.72 
 88.23 
 91.21 
 80.39 
 39.98 
 22.52 
-19.05 
-58.86 
-91.03 
-107.85 
-106.61 
-86.75 
-50.78 
 -3.76 
 47.17 
 96.75 
137.01 
159.91 
158.47 
133.01 
 86.96 
 25.66 
-42.66 
-105.94 
-153.89 
-177.81 
-172.93 
-140.00 
-81.46 
 -7.03 
 73.33 
147.82 
205.03 
232.56 
223.89 
179.96 
107.25 
 16.17 
-81.81 
-169.67 
-233.36 
-262.46 
-250.66 
-197.36 
-111.54 
 -5.18 
105.47 
204.46 
275.92 
304.98 
287.38 
223.94 
124.50 
  4.89 
-121.69 
-231.50 
-307.72 
-339.37 
-314.09 
-241.21 
-130.55 
  2.28 
138.90 
259.46 
341.44 
371.37 
343.68 
262.94 
140.04 
 -3.19 
-152.73 
-279.78 
-363.84 
-393.94 
-359.52 
-270.72 
-140.36 
 14.56 
172.63 
308.52 
397.91 
425.98 
386.86 
288.47 
145.38 
-19.68 
-182.24 
-320.15 
-407.98 
-435.57 
-390.93 
-287.65 
-139.02 
 32.45 
205.05 
349.22 
438.44 
458.10 
406.80 
293.49 
134.79 
-44.07 
-217.90 
-359.90 
-445.68 
-462.97 
-405.04 
-287.03 
-124.67 
 60.95 
241.26 
386.10 
468.68 
476.66 
409.93 
280.64 
108.21 
-80.78 
-258.30 
-394.98 
-471.05 
-470.27 
-394.48 
-259.97 
-84.96 
106.47 
284.93 
419.91 
485.95 
473.47 
385.76 
239.06 
 57.00 
-135.29 
-301.70 
-419.09 
-473.45 
-448.32 
-353.63 
-206.27 
-26.62 
161.84 
325.34 
436.21 
473.40 
434.69 
326.85 
170.75 
 -9.88 
-186.54 
-333.22 
-422.28 
-446.07 
-395.94 
-284.51 
-132.44 
 41.10 
210.02 
343.13 
418.44 
424.17 
362.02 
244.03 
 89.94 
-74.61 
-224.34 
-337.17 
-392.04 
-383.43 
-314.10 
-198.75 
-55.00 
 94.86 
229.00 
323.18 
362.81 
342.79 
269.26 
155.40 
 20.71 
-112.07 
-224.60 
-298.31 
-321.97 
-294.18 
-223.14 
-120.40 
 -2.81 
113.04 
208.17 
266.86 
281.61 
250.84 
182.99 
 89.89 
-12.97 
-108.20 
-185.37 
-230.21 
-238.69 
-210.58 
-152.61 
-74.60 
 10.78 
 91.73 
156.39 
193.71 
199.77 
176.24 
128.34 
 65.46 
-21.10 
-69.06 
-124.40 
-159.71 
-170.00 
-155.94 
-120.43 
-70.17 
-13.93 
 43.49 
 92.87 
128.07 
144.70 
141.26 
118.22 
 79.01 
 29.16 
-22.67 
-72.34 
-112.31 
-136.25 
-141.20 
-126.00 
-94.18 
-49.31 
  2.54 
 54.38 
100.40 
132.09 
144.06 
134.38 
104.77 
 59.47 
  5.00 
-52.17 
-103.09 
-140.89 
-156.52 
-148.27 
-116.94 
-67.13 
 -5.66 
 56.63 
112.01 
151.08 
165.91 
154.88 
119.02 
 64.81 
 -0.31 
-68.38 
-126.14 
-164.44 
-174.70 
-156.36 
-112.12 
-49.75 
 20.07 
 86.82 
141.42 
173.70 
176.81 
150.05 
 98.26 
 23.88 
-41.39 
-108.44 
-156.80 
-177.42 
-168.62 
-132.06 
-74.60 
 -5.38 
 63.34 
122.41 
161.88 
172.57 
153.98 
108.49 
 41.77 
-23.45 
-88.46 
-137.47 
-161.82 
-158.31 
-129.17 
-79.05 
-17.09 
 43.88 
100.58 
138.20 
151.03 
137.08 
 99.96 
 37.04 
-12.13 
-68.38 
-111.13 
-133.77 
-132.67 
-108.61 
-67.54 
-16.45 
 34.44 
 77.58 
106.63 
117.09 
105.87 
 77.37 
 39.33 
 -8.41 
-51.51 
-84.02 
-100.51 
-98.42 
-79.45 
-47.98 
-10.53 
 26.08 
 44.98 
 71.72 
 76.78 
 68.09 
 36.25 
 21.78 
 -9.66 
-37.76 
-57.42 
-64.84 
-60.83 
-46.41 
-25.42 
 -3.24 
 16.49 
 30.14 
 36.24 
 34.33 
 25.40 
 11.43 
 -5.39 
-19.88 
-30.21 
-35.79 
-34.29 
-27.88 
-18.65 
 -8.75 
 -1.22 
  3.67 
  4.49 
  2.79 
 -1.33 
 -7.08 
-12.28 
-15.16 
-14.97 
-11.31 
 -4.42 
  2.93 
  8.83 
 11.29 
 10.49 
  4.65 
 -3.44 
-12.79 
-20.83 
-26.40 
-28.59 
-25.38 
-16.37 
 -2.83 
 12.57 
 26.40 
 36.32 
 39.32 
 35.06 
 23.28 
  6.66 
-11.31 
-27.92 
-40.65 
-46.30 
-43.25 
-32.01 
-13.26 
  9.29 
 31.55 
 46.16 
 82.74 
 49.52 
 65.21 
 31.78 
  8.03 
-17.78 
-40.24 
-54.72 
-58.67 
-50.66 
-32.37 
 -6.73 
 22.02 
 47.38 
 66.74 
 73.70 
 71.07 
 39.01 
 33.87 
  4.29 
-26.53 
-51.06 
-65.04 
-65.08 
-53.15 
-29.68 
  0.12 
 30.39 
 38.62 
 71.91 
 77.96 
 71.37 
 62.97 
 25.68 
 -7.60 
-38.44 
-60.82 
-71.26 
-68.16 
-51.60 
-26.07 
  4.15 
 32.56 
 47.74 
 67.52 
 73.97 
 37.18 
 37.45 
 11.25 
-20.53 
-47.66 
-65.40 
-71.43 
-64.45 
-47.09 
-21.72 
  5.96 
 30.67 
 48.80 
 63.93 
 40.54 
 37.09 
 20.89 
 -5.25 
-30.63 
-50.90 
-61.17 
-61.79 
-51.60 
-34.08 
-11.88 
 10.90 
 29.61 
 41.20 
 43.90 
 37.92 
 23.57 
  4.85 
-15.33 
-32.54 
-43.61 
-47.20 
-42.87 
-32.37 
-16.54 
  0.41 
 16.34 
 27.74 
 32.18 
 29.99 
 20.99 
  8.88 
 -4.64 
-16.94 
-25.19 
-29.01 
-26.54 
-19.63 
 -8.83 
  3.35 
 13.68 
 21.57 
 24.04 
 22.31 
 14.78 
  5.27 
 -4.45 
-11.45 
-15.57 
-15.85 
-12.56 
 -6.12 
  2.54 
 10.82 
 17.87 
 21.09 
 20.37 
 15.01 
  6.19 
 -2.96 
-11.43 
-16.80 
-18.11 
-16.03 
 -9.71 
 -0.56 
  9.25 
 17.91 
 24.43 
 25.90 
 22.33 
 14.07 
  2.58 
 -8.98 
-18.86 
-25.18 
-26.39 
-21.75 
-13.50 
 -1.97 
 10.90 
 22.17 
 30.96 
 33.75 
 29.48 
 19.40 
  5.43 
 -9.20 
-22.09 
-31.12 
-33.88 
-30.61 
-21.53 
 -9.11 
  6.24 
 20.95 
 32.90 
 38.58 
 37.28 
 28.55 
 14.80 
 -2.01 
-17.89 
-30.34 
-36.99 
-36.96 
-30.64 
-19.06 
 -3.00 
 13.77 
 28.33 
 38.06 
 40.45 
 35.12 
 23.38 
  7.73 
 -9.37 
-24.22 
-35.27 
-40.20 
-37.57 
-28.92 
-14.56 
  2.19 
 18.22 
 31.03 
 37.66 
 37.03 
 29.23 
 16.82 
  1.93 
-13.24 
-25.67 
-33.99 
-36.10 
-31.82 
-20.93 
 -5.64 
  9.37 
 22.87 
 31.82 
 34.15 
 31.17 
 22.93 
 11.01 
 -2.98 
-15.52 
-25.15 
-29.98 
-29.31 
-22.57 
-11.36 
  0.56 
 12.60 
 21.35 
 26.75 
 26.31 
 21.67 
 14.15 
  3.76 
 -6.90 
-15.52 
