2.28
138.9
259.46
341.44
371.37
343.68
262.94
140.04
-3.19
-152.73
-279.78
-363.84
-393.94
-359.52
-270.72
-140.36
14.56
172.63
308.52
397.91
425.98
386.86
288.47
145.38
-19.68
-182.24
-320.15
-407.98
-435.57
-390.93
-287.65
-139.02
32.45
205.05
349.22
438.44
458.1
406.8
293.49
134.79
-44.07
-217.9
-359.9
-445.68
-462.97
-405.04
-287.03
-124.67
60.95
241.26
386.1
468.68
476.66
409.93
280.64
108.21
-80.78
-258.3
-394.98
-471.05
-470.27
-394.48
-259.97
-84.96
106.47
284.93
419.91
485.95
473.47
385.76
239.06
57
-135.29
-301.7
-419.09
-473.45
-448.32
-353.63
-206.27
-26.62
161.84
325.34
436.21
473.4
434.69
326.85
170.75
-9.88
-186.54
-333.22
-422.28
-446.07
-395.94
-284.51
-132.44
41.1
210.02
343.13
418.44
424.17
362.02
244.03
89.94
-74.61
-224.34
-337.17
-392.04
-383.43
-314.1
-198.75
-55
94.86
229
323.18
362.81
342.79
269.26
155.4
20.71
-112.07
-224.6
-298.31
-321.97
-294.18
-223.14
-120.4
-2.81
113.04
208.17
266.86
281.61
250.84
182.99
89.89
-12.97
-108.2
-185.37
-230.21
-238.69
-210.58
